653

798 56 83
798 584 287 38
798 533 534 245 40
798 795 448 77 2
788 202 87
788 789 90 8
788 787 281 476 71 7
788 787 786 789 90 17
788 786 789 90 18
784 108 64
784 654 140 25
780 242 91
780 778 781 244 12
776 241 101
776 333 320 12
775 282 114
775 611 521 97 19
775 777 774 253 18
775 774 253 41
773 101 168
773 114 58 9
773 592 229 31
769 21 74
769 295 347 4
769 46 325 11
769 46 484 208 2
769 46 48 38 212 4
767 179 110
767 527 526 204 26
767 295 347 3
767 612 633 715 80 7
767 768 543 548 547 113 8
767 768 543 547 113 2
767 768 543 545 202 309 6
767 742 476 71 31
766 286 28
766 765 285 18
761 170 59
760 321 80
760 85 1 10
759 106 75
759 478 679 678 337 7
759 557 205 19
757 135 87
757 261 409 249 8
755 57 69
755 621 96 42
755 741 636 331 17
754 54 202
751 28 80
751 571 232 16
751 352 358 154 251 168 3
748 31 61
739 174 58
736 42 131
735 256 110
735 743 747 251 10
730 139 49
730 729 236 16
728 34 60
721 304 35
721 3 1 91 187 9
721 720 152 20
717 137 78
717 793 792 794 201 1
717 577 150 6
717 2 569 54 160 5
717 2 29 357 9
717 716 290 1
717 715 80 3
717 714 682 348 2
717 713 185 165 12
710 19 190
710 319 276 34
710 319 752 314 12
710 539 541 540 235 11
710 368 81 30
710 711 595 596 95 1
710 711 709 177 7
710 709 177 7
707 154 115
707 28 425 162 25
707 28 27 298 12 11
707 708 6 17
700 83 122
700 57 203 207 86 6
700 57 203 205 48 4
700 3 1 91 187 24
700 267 369 191 9
700 267 29 357 4
700 698 362 23 8
695 335 52
695 697 161 34
695 696 693 729 236 1
687 350 80
687 134 550 488 210 20
687 689 144 26
687 688 617 525 297 300 1
686 164 157
686 638 37 48
685 200 89
685 207 86 14
684 227 62
684 60 84 85 1 13
675 49 97
675 676 468 469 311 8
675 670 84 85 1 4
675 670 266 609 274 257 10
675 670 266 609 607 18 6
665 38 131
665 484 208 18
665 557 205 16
665 166 226 228 218 3
664 197 82
664 256 151 18
664 552 566 91 26
664 744 597 196 30
661 240 150
661 29 357 32
660 221 110
660 252 228 19
660 659 149 1
658 147 75
658 638 37 32
658 742 476 71 5
658 742 741 636 331 4
658 742 741 764 272 1
658 657 172 6
658 614 656 655 277 3
649 211 52
649 650 52 24
649 650 489 486 716 290 2
647 163 55
647 646 296 9
644 3 51
644 643 124 30
642 355 76
642 786 789 90 3
642 241 51 30
642 241 566 91 7
637 346 112
632 118 140
631 265 113
631 680 681 678 337 2
630 15 92
627 146 76
627 75 488 210 4
627 75 74 202 309 27
627 629 42 122 13
627 629 584 287 6
625 158 93
625 139 93 20
625 624 268 2
622 299 123
622 623 349 30
622 621 96 18
620 316 166
620 422 420 326 12
620 623 349 23
620 621 96 5
620 621 623 349 4
620 621 619 16 20
620 619 16 28
618 173 135
618 77 781 244 5
618 77 750 427 426 425 162 1
618 77 750 427 425 162 2
618 77 71 91 187 6
618 610 679 678 337 9
618 610 263 298 12 16
608 222 113
608 607 18 6
608 555 162 169 251 168 6
605 43 53
605 416 298 4
604 278 96
600 351 31
600 601 243 25
593 22 79
593 597 196 7
593 596 95 16
593 594 190 42
588 261 74
588 538 105 3
588 590 101 248 16
587 209 38
586 138 51
586 554 462 178 10
586 554 211 315 14
586 554 39 110 12
580 99 94
579 66 139
579 791 794 201 17
575 271 43
575 165 167 298 12 5
575 577 150 22
575 553 741 764 272 4
575 553 570 568 53 23
575 553 571 232 4
561 75 146
560 354 74
560 662 136 23
560 558 142 11
560 550 488 210 7
560 550 53 13 5
542 92 101
542 547 113 30
542 544 27 34
532 234 74
532 458 597 196 8
519 156 152
519 518 181 9
519 517 521 97 9
519 517 516 518 181 6
513 5 83
513 515 24 35
513 511 280 35
512 327 125
512 364 50 24
512 511 280 40
506 102 89
506 369 191 28
506 359 617 525 297 300 8
506 359 356 691 703 74 13
506 359 356 0 10 284 2
506 359 353 251 168 3
506 359 353 439 353 9
506 359 352 358 154 251 168 8
504 100 106
504 578 50 175 12
503 213 97
503 56 259 32
503 175 227 228 218 1
502 72 123
502 376 128 17
494 159 25
494 495 295 17
492 292 110
483 264 102
483 482 39 6
483 480 469 311 14
481 267 44
481 482 39 8
477 35 49
477 292 203 28
477 729 236 9
477 119 114 13
477 473 238 26
472 46 75
470 328 75
470 72 74 114 58 8
470 72 101 248 8
465 254 154
465 22 141 12
465 9 635 101 248 7
465 464 462 178 4
465 462 178 30
449 260 165
449 745 67 65 193 19
447 219 176
447 85 1 44
447 448 77 10
444 308 101
444 231 206 18
444 445 443 167 298 12 4
442 29 105
442 459 683 251 168 2
442 459 538 105 4
442 459 545 202 309 1
442 459 545 544 27 11
442 459 549 709 177 4
442 446 443 167 233 336 1
442 441 546 544 27 4
440 323 48
440 34 592 229 25
440 34 35 269 20
440 439 353 28
436 188 84
436 656 655 277 11
434 283 71
434 435 167 25
430 333 66
430 324 323 293 22
430 431 358 34
424 233 142
424 640 71 91 187 18
424 640 163 243 88 7
424 640 163 168 320 303 2
424 597 196 11
424 597 594 190 6
424 426 425 162 13
424 425 162 5
424 358 154 251 168 16
424 358 421 420 326 4
424 358 439 353 1
417 274 82
417 416 298 38
414 30 50
408 207 49
408 242 4 6
404 134 122
404 172 173 263 5
403 342 78
403 559 558 142 21
401 36 84
401 402 584 287 2
401 402 399 182 8
401 399 182 24
389 76 72
389 347 314 680 681 678 337 2
389 347 314 680 678 337 5
389 347 314 318 352 7
388 294 65
388 745 67 65 193 1
388 745 742 741 764 272 4
388 387 338 4
380 252 154
380 7 4 582 343 30
380 228 218 30
380 379 659 149 13
380 377 307 45
378 192 112
378 377 307 2
375 40 113
375 376 128 5
366 78 85
366 690 521 97 33
366 690 719 720 152 10
366 368 81 30
361 330 49
361 698 362 23 1
361 362 23 3
361 360 362 23 2
349 258 163
349 595 596 95 15
349 347 314 318 352 5
346 313 72
346 548 547 113 14
346 692 722 279 23
345 32 83
345 376 128 50
345 37 65 27
345 37 38 212 10
345 343 112 35
345 268 333 320 11
344 125 74
344 120 60 41
344 795 448 77 7
344 691 703 74 19
344 691 706 70 12
342 195 28
338 64 96
338 227 228 218 6
338 339 0 4
337 217 149
337 697 161 7
337 456 425 162 11
337 456 454 320 303 2
337 340 522 116 11
337 340 482 39 8
337 339 0 47
336 85 123
336 96 166 36
336 96 662 136 1
336 358 439 353 13
326 312 104
326 139 93 22
326 328 327 2 6
326 327 2 6
316 47 109
316 488 210 3
316 318 352 20
312 131 142
312 311 68 1
308 87 58
308 307 306 23
308 264 226 228 218 4
308 264 515 24 21
308 264 311 68 3
306 119 53
306 309 255 11
306 307 306 2
304 104 108
304 431 358 23
304 305 39 110 24
303 10 61
303 539 541 540 235 14
303 305 39 110 2
302 340 131
294 291 69
294 584 287 11
294 296 176 5
294 295 347 18
293 223 52
293 125 62 4
293 296 176 15
293 295 347 8
287 67 167
287 747 251 2
287 778 781 244 4
287 611 521 97 9
287 611 521 522 116 7
287 611 614 656 655 277 14
287 611 614 656 654 140 2
273 237 54
273 274 257 9
269 17 124
269 387 338 21
259 25 87
259 256 151 18
258 20 179
258 74 114 58 2
253 121 118
253 309 255 42
253 476 71 35
253 252 228 33
250 194 74
250 120 60 23
250 120 50 175 1
250 554 39 110 3
248 98 116
248 278 279 280 41 11
248 278 277 280 41 2
248 460 61 18
248 249 94 14
245 262 115
245 591 592 229 1
245 582 343 21
240 84 95
240 159 55 37
240 103 68 33 6
239 133 104
239 246 168 320 303 2
238 127 61
238 249 94 24
238 540 235 10
238 235 315 318 352 12
238 235 496 123 26
232 224 169
232 634 231 43
232 662 136 22
232 265 268 333 320 10
232 231 206 10
232 230 148 21
224 45 99
224 78 714 682 348 6
224 78 714 716 290 19
224 78 714 715 80 13
220 180 54
220 395 394 393 53 13 9
220 395 393 53 13 16
218 344 56
218 217 276 143 9
218 217 81 26 10
210 289 103
210 299 169 29
210 209 301 9
206 126 98
206 779 781 244 10
206 207 86 23
206 205 48 50
206 203 205 48 3
204 132 75
204 469 311 10
204 207 86 11
204 205 48 46
200 82 100
200 343 112 11
195 7 122
195 185 165 26
195 456 454 320 303 2
195 197 317 30
191 319 70
191 617 525 297 300 1
191 189 99 89 2
183 9 149
183 279 280 41 28
183 279 277 280 41 19
183 636 331 25
183 78 714 715 80 8
183 78 76 74 114 58 1
183 185 165 12
183 184 420 326 12
183 182 185 165 2
183 182 184 420 326 11
178 266 132
152 117 73
151 230 128
151 163 168 320 303 25
151 163 209 301 19
149 155 22
146 225 58
146 678 337 1
146 147 69 25
146 145 250 4
146 144 103 1
143 171 88
143 479 747 251 20
143 479 399 182 9
143 147 69 19
143 145 250 20
143 144 103 19
142 359 77
142 545 544 27 19
142 606 114 58 20
141 185 82
141 147 69 23
141 144 103 5
141 144 147 69 8
138 8 60
135 247 102
135 368 81 8
135 290 292 203 20
132 63 55
132 501 420 326 9
132 792 794 201 16
131 184 77
131 626 785 792 794 201 14
131 626 624 268 8
131 350 355 169 251 168 6
131 350 71 91 187 2
130 334 130
130 482 39 36
130 482 771 214 7
128 215 176
128 409 249 1
128 125 62 40
128 124 189 43
127 310 118
127 324 323 293 12
127 732 59 18
127 124 189 13
126 109 129
126 364 50 10
126 364 704 703 74 15
126 771 214 30
126 124 189 1
121 329 275
121 182 184 420 326 6
121 674 268 333 320 20
121 674 268 267 29 357 1
117 79 93
117 789 90 15
115 183 52
115 116 153 30
113 120 119
113 713 185 165 20
113 713 439 353 16
113 713 715 80 1
113 740 463 462 178 11
113 740 86 48 38 212 4
113 740 743 747 251 5
113 740 743 771 214 3
113 740 450 460 61 11
112 281 67
108 305 132
108 107 288 14
108 73 242 4 41
105 246 155
105 311 68 32
105 743 771 214 3
105 554 39 110 4
105 554 592 229 3
104 73 83
104 320 303 29
100 44 114
100 4 582 343 18
100 4 171 302 13
100 4 5 53 13 6
100 4 5 54 160 5
100 615 571 232 7
100 615 682 348 3
100 101 248 2
98 341 41
98 623 349 3
98 607 18 12
97 220 42
97 682 348 32
97 171 302 33
97 99 89 21
95 332 74
95 310 171 302 16
95 96 662 136 2
95 93 636 331 5
88 318 94
88 319 752 314 1
88 261 409 249 9
88 261 276 143 21
88 71 91 187 14
88 71 99 89 5
83 129 94
82 239 78
82 81 26 35
80 270 48
80 81 26 14
69 324 39
69 379 659 149 14
69 384 0 10 284 3
69 384 383 1 91 187 9
69 475 474 476 71 17
69 475 473 238 9
69 475 473 276 143 5
69 68 33 26
66 130 40
66 65 193 2
66 64 65 193 5
58 297 160
58 243 88 46
58 613 35 269 17
58 56 259 13
58 56 719 720 152 7
55 145 55
55 526 204 29
55 54 160 17
52 186 97
52 756 325 323 293 4
52 634 231 22
52 53 13 8
51 199 120
51 50 175 9
51 49 772 771 214 3
51 49 50 175 2
45 322 226
45 455 456 454 320 303 7
45 455 456 454 68 33 3
45 455 453 496 123 4
45 455 451 484 208 25
45 43 157 48
44 107 139
44 263 298 12 1
44 42 122 1
44 41 43 157 8
40 198 121
40 226 228 218 12
40 43 157 17
40 42 122 43
32 339 87
32 30 111 17
23 356 60
23 796 226 44
23 554 592 229 5
23 164 167 233 336 14
23 164 161 189 99 89 28
23 22 141 22
20 11 66
19 273 101
19 659 149 24
16 216 245
14 275 244
11 345 89
11 17 320 303 7
11 17 15 102 115 19
8 14 73

